[1 {1 1} 1 {1 1}]
[42 {7 1, 3 1, 2 1} 50 {5 2, 2 1}]
[246 {41 1, 3 1, 2 1} 290 {29 1, 5 1, 2 1}]
[287 {41 1, 7 1} 290 {29 1, 5 1, 2 1}]
[728 {13 1, 7 1, 2 3} 850 {17 1, 5 2, 2 1}]
[1434 {239 1, 3 1, 2 1} 1690 {13 2, 5 1, 2 1}]
[1673 {239 1, 7 1} 1690 {13 2, 5 1, 2 1}]
[1880 {47 1, 5 1, 2 3} 2210 {17 1, 13 1, 5 1, 2 1}]
[4264 {41 1, 13 1, 2 3} 4930 {29 1, 17 1, 5 1, 2 1}]
[6237 {11 1, 7 1, 3 4} 6710 {61 1, 11 1, 5 1, 2 1}]
[9799 {239 1, 41 1} 9802 {29 1, 13 2, 2 1}]
[9855 {73 1, 5 1, 3 3} 10660 {41 1, 13 1, 5 1, 2 2}]
[18330 {47 1, 13 1, 5 1, 3 1, 2 1} 22100 {17 1, 13 1, 5 2, 2 2}]
[21352 {157 1, 17 1, 2 3} 24650 {29 1, 17 1, 5 2, 2 1}]
[21385 {47 1, 13 1, 7 1, 5 1} 22100 {17 1, 13 1, 5 2, 2 2}]
[24856 {239 1, 13 1, 2 3} 28730 {17 1, 13 2, 5 1, 2 1}]
[36531 {41 1, 11 1, 3 4} 38918 {61 1, 29 1, 11 1, 2 1}]
[39990 {43 1, 31 1, 5 1, 3 1, 2 1} 48100 {37 1, 13 1, 5 2, 2 2}]
[46655 {43 1, 31 1, 7 1, 5 1} 48100 {37 1, 13 1, 5 2, 2 2}]
[57270 {83 1, 23 1, 5 1, 3 1, 2 1} 68900 {53 1, 13 1, 5 2, 2 2}]
[66815 {83 1, 23 1, 7 1, 5 1} 68900 {53 1, 13 1, 5 2, 2 2}]
[92664 {13 1, 11 1, 3 4, 2 3} 114070 {61 1, 17 1, 11 1, 5 1, 2 1}]
[125255 {47 1, 41 1, 13 1, 5 1} 128180 {29 1, 17 1, 13 1, 5 1, 2 2}]
[156570 {307 1, 17 1, 5 1, 3 1, 2 1} 188500 {29 1, 13 1, 5 3, 2 2}]
[182665 {307 1, 17 1, 7 1, 5 1} 188500 {29 1, 13 1, 5 3, 2 2}]
[208182 {157 1, 17 1, 13 1, 3 1, 2 1} 246500 {29 1, 17 1, 5 3, 2 2}]
[212949 {239 1, 11 1, 3 4} 226798 {61 1, 13 2, 11 1, 2 1}]
[242879 {157 1, 17 1, 13 1, 7 1} 246500 {29 1, 17 1, 5 3, 2 2}]
[273265 {43 1, 41 1, 31 1, 5 1} 278980 {37 1, 29 1, 13 1, 5 1, 2 2}]
[380511 {829 1, 17 1, 3 3} 404260 {41 1, 29 1, 17 1, 5 1, 2 2}]
[391345 {83 1, 41 1, 23 1, 5 1} 399620 {53 1, 29 1, 13 1, 5 1, 2 2}]
[411558 {239 1, 41 1, 7 1, 3 1, 2 1} 490100 {29 1, 13 2, 5 2, 2 2}]
[539560 {47 1, 41 1, 7 1, 5 1, 2 3} 640900 {29 1, 17 1, 13 1, 5 2, 2 2}]
[627215 {157 1, 47 1, 17 1, 5 1} 640900 {29 1, 17 1, 13 1, 5 2, 2 2}]
[693160 {43 1, 31 1, 13 1, 5 1, 2 3} 817700 {37 1, 17 1, 13 1, 5 2, 2 2}]
[730145 {239 1, 47 1, 13 1, 5 1} 746980 {17 1, 13 3, 5 1, 2 2}]
[741096 {73 1, 47 1, 3 3, 2 3} 906100 {41 1, 17 1, 13 1, 5 2, 2 2}]
[773224 {5087 1, 19 1, 2 3} 892330 {181 1, 29 1, 17 1, 5 1, 2 1}]
[814463 {47 1, 43 1, 31 1, 13 1} 817700 {37 1, 17 1, 13 1, 5 2, 2 2}]
[931722 {743 1, 19 1, 11 1, 3 1, 2 1} 1104100 {181 1, 61 1, 5 2, 2 2}]
[992680 {83 1, 23 1, 13 1, 5 1, 2 3} 1171300 {53 1, 17 1, 13 1, 5 2, 2 2}]
[1069895 {307 1, 41 1, 17 1, 5 1} 1093300 {29 2, 13 1, 5 2, 2 2}]
[1087009 {743 1, 19 1, 11 1, 7 1} 1104100 {181 1, 61 1, 5 2, 2 2}]
[1143477 {743 1, 19 1, 3 4} 1214510 {181 1, 61 1, 11 1, 5 1, 2 1}]
[1166399 {83 1, 47 1, 23 1, 13 1} 1171300 {53 1, 17 1, 13 1, 5 2, 2 2}]
[1422577 {157 1, 41 1, 17 1, 13 1} 1429700 {29 2, 17 1, 5 2, 2 2}]
[1592935 {239 1, 43 1, 31 1, 5 1} 1625780 {37 1, 13 3, 5 1, 2 2}]
[1815073 {191 1, 43 1, 17 1, 13 1} 1824100 {37 1, 29 1, 17 1, 5 2, 2 2}]
[2281255 {239 1, 83 1, 23 1, 5 1} 2328820 {53 1, 13 3, 5 1, 2 2}]
[2544697 {83 1, 43 1, 31 1, 23 1} 2549300 {53 1, 37 1, 13 1, 5 2, 2 2}]
[2713880 {307 1, 17 1, 13 1, 5 1, 2 3} 3204500 {29 1, 17 1, 13 1, 5 3, 2 2}]
[2722005 {47 1, 13 1, 11 1, 5 1, 3 4} 2965820 {61 1, 17 1, 13 1, 11 1, 5 1, 2 2}]
[2828385 {73 1, 41 1, 7 1, 5 1, 3 3} 3091400 {41 1, 29 1, 13 1, 5 2, 2 3}]
[3054232 {1303 1, 293 1, 2 3} 3519850 {101 1, 41 1, 17 1, 5 2, 2 1}]
[3132935 {307 1, 157 1, 13 1, 5 1} 3204500 {29 1, 17 1, 13 1, 5 3, 2 2}]
[3145240 {239 1, 47 1, 7 1, 5 1, 2 3} 3734900 {17 1, 13 3, 5 2, 2 2}]
[3188809 {307 1, 47 1, 17 1, 13 1} 3204500 {29 1, 17 1, 13 1, 5 3, 2 2}]
[3508456 {47 1, 43 1, 31 1, 7 1, 2 3} 4088500 {37 1, 17 1, 13 1, 5 3, 2 2}]
[4026280 {191 1, 31 1, 17 1, 5 1, 2 3} 4742660 {37 1, 29 1, 17 1, 13 1, 5 1, 2 2}]
[4647985 {191 1, 157 1, 31 1, 5 1} 4742660 {37 1, 29 1, 17 1, 13 1, 5 1, 2 2}]
[4730879 {191 1, 47 1, 31 1, 17 1} 4742660 {37 1, 29 1, 17 1, 13 1, 5 1, 2 2}]
[5024488 {83 1, 47 1, 23 1, 7 1, 2 3} 5856500 {53 1, 17 1, 13 1, 5 3, 2 2}]
[5054015 {1607 1, 37 1, 17 1, 5 1} 5164900 {137 1, 29 1, 13 1, 5 2, 2 2}]
[5143945 {829 1, 73 1, 17 1, 5 1} 5255380 {41 1, 29 1, 17 1, 13 1, 5 1, 2 2}]
[5260710 {47 1, 41 1, 13 1, 7 1, 5 1, 3 1, 2 1} 6409000 {29 1, 17 1, 13 1, 5 3, 2 3}]
[5938515 {43 1, 31 1, 11 1, 5 1, 3 4} 6455020 {61 1, 37 1, 13 1, 11 1, 5 1, 2 2}]
[6128024 {157 1, 41 1, 17 1, 7 1, 2 3} 7148500 {29 2, 17 1, 5 3, 2 2}]
[6236705 {307 1, 239 1, 17 1, 5 1} 6371300 {29 1, 13 3, 5 2, 2 2}]
[6366767 {743 1, 41 1, 19 1, 11 1} 6403780 {181 1, 61 1, 29 1, 5 1, 2 2}]
[6956927 {307 1, 43 1, 31 1, 17 1} 6974500 {37 1, 29 1, 13 1, 5 3, 2 2}]
[6996904 {11981 1, 73 1, 2 3} 8064290 {89 1, 41 1, 17 1, 13 1, 5 1, 2 1}]
[7133672 {239 1, 41 1, 13 1, 7 1, 2 3} 8331700 {29 1, 17 1, 13 2, 5 2, 2 2}]
[7174440 {73 1, 13 1, 7 1, 5 1, 3 3, 2 3} 9061000 {41 1, 17 1, 13 1, 5 3, 2 3}]
[7538934 {5087 1, 19 1, 13 1, 3 1, 2 1} 8923300 {181 1, 29 1, 17 1, 5 2, 2 2}]
[7736646 {191 1, 157 1, 43 1, 3 1, 2 1} 9120500 {37 1, 29 1, 17 1, 5 3, 2 2}]
[7818776 {191 1, 43 1, 17 1, 7 1, 2 3} 9120500 {37 1, 29 1, 17 1, 5 3, 2 2}]
[8292583 {239 1, 157 1, 17 1, 13 1} 8331700 {29 1, 17 1, 13 2, 5 2, 2 2}]
[8429967 {73 1, 47 1, 13 1, 7 1, 3 3} 9061000 {41 1, 17 1, 13 1, 5 3, 2 3}]
[8504595 {83 1, 23 1, 11 1, 5 1, 3 4} 9246380 {61 1, 53 1, 13 1, 11 1, 5 1, 2 2}]
[8795423 {5087 1, 19 1, 13 1, 7 1} 8923300 {181 1, 29 1, 17 1, 5 2, 2 2}]
[9026087 {191 1, 157 1, 43 1, 7 1} 9120500 {37 1, 29 1, 17 1, 5 3, 2 2}]
[9963071 {307 1, 83 1, 23 1, 17 1} 9990500 {53 1, 29 1, 13 1, 5 3, 2 2}]
[11477130 {43 1, 41 1, 31 1, 7 1, 5 1, 3 1, 2 1} 13949000 {37 1, 29 1, 13 1, 5 3, 2 3}]
[11538505 {1087 1, 193 1, 11 1, 5 1} 11815700 {149 1, 61 1, 13 1, 5 2, 2 2}]
[11725560 {47 1, 11 1, 7 1, 5 1, 3 4, 2 3} 14829100 {61 1, 17 1, 13 1, 11 1, 5 2, 2 2}]
[12158135 {499 1, 443 1, 11 1, 5 1} 12450100 {157 1, 61 1, 13 1, 5 2, 2 2}]
[12939480 {11981 1, 5 1, 3 3, 2 3} 16128580 {89 1, 41 1, 17 1, 13 1, 5 1, 2 2}]
[12948776 {3863 1, 419 1, 2 3} 14922770 {2141 1, 41 1, 17 1, 5 1, 2 1}]
[13495720 {307 1, 157 1, 7 1, 5 1, 2 3} 16022500 {29 1, 17 1, 13 1, 5 4, 2 2}]
[13592118 {307 1, 157 1, 47 1, 3 1, 2 1} 16022500 {29 1, 17 1, 13 1, 5 4, 2 2}]
[13736408 {307 1, 47 1, 17 1, 7 1, 2 3} 16022500 {29 1, 17 1, 13 1, 5 4, 2 2}]
[15203889 {11981 1, 47 1, 3 3} 16128580 {89 1, 41 1, 17 1, 13 1, 5 1, 2 2}]
[15857471 {307 1, 157 1, 47 1, 7 1} 16022500 {29 1, 17 1, 13 1, 5 4, 2 2}]
[16149848 {743 1, 19 1, 13 1, 11 1, 2 3} 18769700 {181 1, 61 1, 17 1, 5 2, 2 2}]
[16436490 {83 1, 41 1, 23 1, 7 1, 5 1, 3 1, 2 1} 19981000 {53 1, 29 1, 13 1, 5 3, 2 3}]
[16487415 {239 1, 73 1, 7 1, 5 1, 3 3} 18015400 {41 1, 13 3, 5 2, 2 3}]
[16909849 {2917 1, 31 1, 17 1, 11 1} 17017780 {61 1, 37 1, 29 1, 13 1, 5 1, 2 2}]
[18391401 {73 1, 43 1, 31 1, 7 1, 3 3} 19721000 {41 1, 37 1, 13 1, 5 3, 2 3}]
[18422120 {239 1, 47 1, 41 1, 5 1, 2 3} 21662420 {29 1, 17 1, 13 3, 5 1, 2 2}]
[20549528 {47 1, 43 1, 41 1, 31 1, 2 3} 23713300 {37 1, 29 1, 17 1, 13 1, 5 2, 2 2}]
[20813976 {557 1, 173 1, 3 3, 2 3} 25440500 {73 1, 41 1, 17 1, 5 3, 2 2}]
[20871649 {401 1, 73 1, 31 1, 23 1} 20904260 {53 1, 41 1, 37 1, 13 1, 5 1, 2 2}]
[21251412 {499 1, 13 2, 7 1, 3 2, 2 2} 26145210 {157 1, 61 1, 13 1, 7 1, 5 1, 3 1, 2 1}]
[22713455 {5087 1, 47 1, 19 1, 5 1} 23200580 {181 1, 29 1, 17 1, 13 1, 5 1, 2 2}]
[23250645 {307 1, 17 1, 11 1, 5 1, 3 4} 25296700 {61 1, 29 1, 13 1, 11 1, 5 2, 2 2}]
[23630711 {307 1, 191 1, 31 1, 13 1} 23713300 {37 1, 29 1, 17 1, 13 1, 5 2, 2 2}]
[24738935 {3557 1, 107 1, 13 1, 5 1} 25304500 {229 1, 17 1, 13 1, 5 3, 2 2}]
[26338473 {83 1, 73 1, 23 1, 7 1, 3 3} 28249000 {53 1, 41 1, 13 1, 5 3, 2 3}]
[26343030 {157 1, 47 1, 17 1, 7 1, 5 1, 3 1, 2 1} 32045000 {29 1, 17 1, 13 1, 5 4, 2 3}]
[26594568 {41 1, 13 1, 11 1, 7 1, 3 4, 2 3} 33080300 {61 1, 29 1, 17 1, 11 1, 5 2, 2 2}]
[28113048 {829 1, 157 1, 3 3, 2 3} 34362100 {41 1, 29 1, 17 2, 5 2, 2 2}]
[29429144 {83 1, 47 1, 41 1, 23 1, 2 3} 33967700 {53 1, 29 1, 17 1, 13 1, 5 2, 2 2}]
[29778762 {1303 1, 293 1, 13 1, 3 1, 2 1} 35198500 {101 1, 41 1, 17 1, 5 3, 2 2}]
[29973414 {10133 1, 29 1, 17 1, 3 1, 2 1} 35406100 {421 1, 29 2, 5 2, 2 2}]
[30666090 {239 1, 47 1, 13 1, 7 1, 5 1, 3 1, 2 1} 37349000 {17 1, 13 3, 5 3, 2 3}]
[30915027 {157 1, 17 1, 13 1, 11 1, 3 4} 33080300 {61 1, 29 1, 17 1, 11 1, 5 2, 2 2}]
[34207446 {47 1, 43 1, 31 1, 13 1, 7 1, 3 1, 2 1} 40885000 {37 1, 17 1, 13 1, 5 4, 2 3}]
[34741889 {1303 1, 293 1, 13 1, 7 1} 35198500 {101 1, 41 1, 17 1, 5 3, 2 2}]
[34968983 {10133 1, 29 1, 17 1, 7 1} 35406100 {421 1, 29 2, 5 2, 2 2}]
[35721896 {239 1, 157 1, 17 1, 7 1, 2 3} 41658500 {29 1, 17 1, 13 2, 5 3, 2 2}]
[37113593 {743 1, 239 1, 19 1, 11 1} 37318580 {181 1, 61 1, 13 2, 5 1, 2 2}]
[37343065 {2707 1, 89 1, 31 1, 5 1} 38104820 {233 1, 37 1, 17 1, 13 1, 5 1, 2 2}]
[38598255 {401 1, 31 1, 23 1, 5 1, 3 3} 41808520 {53 1, 41 1, 37 1, 13 1, 5 1, 2 3}]
[39256230 {191 1, 31 1, 17 1, 13 1, 5 1, 3 1, 2 1} 47426600 {37 1, 29 1, 17 1, 13 1, 5 2, 2 3}]
[42021720 {73 1, 41 1, 13 1, 5 1, 3 3, 2 3} 52553800 {41 1, 29 1, 17 1, 13 1, 5 2, 2 3}]
[44935590 {307 1, 41 1, 17 1, 7 1, 5 1, 3 1, 2 1} 54665000 {29 2, 13 1, 5 4, 2 3}]
[45795688 {191 1, 43 1, 41 1, 17 1, 2 3} 52898900 {37 1, 29 2, 17 1, 5 2, 2 2}]
[45798935 {191 1, 31 1, 17 1, 13 1, 7 1, 5 1} 47426600 {37 1, 29 1, 17 1, 13 1, 5 2, 2 3}]
[48988758 {83 1, 47 1, 23 1, 13 1, 7 1, 3 1, 2 1} 58565000 {53 1, 17 1, 13 1, 5 4, 2 3}]
[49375521 {73 1, 47 1, 41 1, 13 1, 3 3} 52553800 {41 1, 29 1, 17 1, 13 1, 5 2, 2 3}]
[51516049 {5087 1, 41 1, 19 1, 13 1} 51755140 {181 1, 29 2, 17 1, 5 1, 2 2}]
[51912289 {5113 1, 71 1, 13 1, 11 1} 52285540 {2521 1, 61 1, 17 1, 5 1, 2 2}]
[52867081 {191 1, 157 1, 43 1, 41 1} 52898900 {37 1, 29 2, 17 1, 5 2, 2 2}]
[56215914 {9369319 1, 3 1, 2 1} 66251090 {179057 1, 37 1, 5 1, 2 1}]
[59748234 {157 1, 41 1, 17 1, 13 1, 7 1, 3 1, 2 1} 71485000 {29 2, 17 1, 5 4, 2 3}]
[61116363 {239 1, 41 1, 11 1, 7 1, 3 4} 65771420 {61 1, 29 1, 13 2, 11 1, 5 1, 2 2}]
[62158134 {2707 1, 89 1, 43 1, 3 1, 2 1} 73278500 {233 1, 37 1, 17 1, 5 3, 2 2}]
[63286535 {3323 1, 293 1, 13 1, 5 1} 64730900 {101 1, 29 1, 17 1, 13 1, 5 2, 2 2}]
